initial: 6
0.50745 0.49255 0.00000 0.00000 0.00000 0.00000

transition: 6
0.29180 0.50873 0.00616 0.19330 0.00000 0.00001
0.00004 0.50237 0.19908 0.00000 0.00000 0.29852
0.00417 0.00003 0.20095 0.78810 0.00000 0.00675
0.00020 0.00018 0.00445 0.28293 0.51234 0.19991
0.00000 0.00000 0.00000 0.00000 0.50078 0.49922
0.59830 0.00000 0.20648 0.19522 0.00000 0.00000

observation: 6
0.00033 0.29970 0.00097 0.10009 0.29879 0.09843
0.09991 0.39651 0.00000 0.10140 0.00000 0.10060
0.40434 0.20000 0.49074 0.29596 0.30228 0.00000
0.49542 0.10379 0.50698 0.40259 0.00000 0.00000
0.00000 0.00000 0.00132 0.09996 0.00000 0.80097
0.00000 0.00000 0.00000 0.00000 0.39893 0.00000
