initial: 6
0.50745 0.49255 0.00000 0.00000 0.00000 0.00000

transition: 6
0.29176 0.50877 0.00620 0.19326 0.00000 0.00000
0.00002 0.50238 0.19909 0.00000 0.00000 0.29852
0.00438 0.00002 0.20086 0.78798 0.00000 0.00677
0.00019 0.00010 0.00444 0.28294 0.51239 0.19993
0.00000 0.00000 0.00000 0.00000 0.50078 0.49922
0.59830 0.00000 0.20650 0.19521 0.00000 0.00000

observation: 6
0.00034 0.29971 0.00095 0.10009 0.29879 0.09843
0.09992 0.39651 0.00000 0.10140 0.00000 0.10060
0.40433 0.20000 0.49074 0.29596 0.30228 0.00000
0.49542 0.10379 0.50698 0.40259 0.00000 0.00000
0.00000 0.00000 0.00132 0.09996 0.00000 0.80097
0.00000 0.00000 0.00000 0.00000 0.39893 0.00000
