initial: 6
0.71765 0.00243 0.09243 0.18748 0.00000 0.00000

transition: 6
0.29601 0.00719 0.50697 0.00019 0.00000 0.18964
0.19871 0.20095 0.59996 0.00000 0.00037 0.00001
0.00241 0.49592 0.20219 0.29948 0.00000 0.00000
0.00000 0.20163 0.00170 0.59693 0.00000 0.19974
0.10741 0.00000 0.00000 0.00000 0.49989 0.39271
0.00007 0.39418 0.00000 0.00000 0.30419 0.30157

observation: 6
0.69604 0.49834 0.30257 0.10003 0.00000 0.09739
0.00107 0.00026 0.39820 0.09896 0.10306 0.09720
0.30289 0.00009 0.20041 0.19625 0.09756 0.30227
0.00000 0.50131 0.09877 0.00000 0.00044 0.40399
0.00000 0.00000 0.00004 0.60476 0.00276 0.09915
0.00000 0.00000 0.00000 0.00000 0.79617 0.00000
