initial: 6
0.50746 0.49254 0.00000 0.00000 0.00000 0.00000

transition: 6
0.29175 0.50880 0.00622 0.19324 0.00000 0.00000
0.00001 0.50238 0.19910 0.00000 0.00000 0.29851
0.00450 0.00001 0.20081 0.78789 0.00000 0.00678
0.00018 0.00006 0.00444 0.28294 0.51243 0.19996
0.00000 0.00000 0.00000 0.00000 0.50078 0.49922
0.59830 0.00000 0.20651 0.19519 0.00000 0.00000

observation: 6
0.00034 0.29971 0.00095 0.10009 0.29879 0.09843
0.09992 0.39651 0.00000 0.10140 0.00000 0.10060
0.40432 0.19999 0.49074 0.29596 0.30228 0.00000
0.49541 0.10379 0.50698 0.40259 0.00000 0.00000
0.00000 0.00000 0.00133 0.09996 0.00000 0.80097
0.00000 0.00000 0.00000 0.00000 0.39893 0.00000
