initial: 6
0.71943 0.00045 0.09185 0.18827 0.00000 0.00000

transition: 6
0.30903 0.00017 0.49430 0.00000 0.00000 0.19650
0.00115 0.19955 0.79930 0.00001 0.00000 0.00000
0.00000 0.49867 0.20223 0.29910 0.00000 0.00000
0.00000 0.20167 0.00005 0.59798 0.00000 0.20029
0.10494 0.00000 0.00000 0.00000 0.49615 0.39890
0.00000 0.39346 0.00000 0.00000 0.30013 0.30640

observation: 6
0.99553 0.49888 0.29758 0.09849 0.00000 0.09891
0.00247 0.00000 0.39937 0.09979 0.10421 0.09749
0.00200 0.00151 0.20126 0.80172 0.09047 0.30858
0.00000 0.49952 0.10175 0.00000 0.00247 0.39609
0.00000 0.00009 0.00003 0.00000 0.00188 0.09893
0.00000 0.00000 0.00000 0.00000 0.80097 0.00000
