initial: 6
0.71758 0.00241 0.09264 0.18737 0.00000 0.00000

transition: 6
0.29608 0.00704 0.50722 0.00011 0.00000 0.18955
0.19871 0.20082 0.60008 0.00000 0.00038 0.00001
0.00239 0.49563 0.20276 0.29922 0.00000 0.00000
0.00000 0.20129 0.00285 0.59632 0.00000 0.19954
0.10745 0.00000 0.00000 0.00000 0.49965 0.39290
0.00002 0.39384 0.00000 0.00000 0.30442 0.30172

observation: 6
0.69604 0.49833 0.30263 0.09987 0.00000 0.09733
0.00109 0.00008 0.39820 0.09854 0.10328 0.09695
0.30287 0.00005 0.20041 0.19625 0.09742 0.30236
0.00000 0.50154 0.09873 0.00000 0.00019 0.40412
0.00000 0.00000 0.00001 0.60534 0.00263 0.09924
0.00000 0.00000 0.00000 0.00000 0.79648 0.00000
