initial: 6
0.00164 0.10176 0.09694 0.21058 0.00000 0.58909

transition: 6
0.20254 0.20076 0.59640 0.00000 0.00029 0.00000
0.00488 0.28755 0.51751 0.00000 0.00006 0.19000
0.49570 0.00527 0.19818 0.30085 0.00000 0.00000
0.20068 0.00000 0.00104 0.59881 0.00000 0.19947
0.00000 0.10155 0.00000 0.00000 0.50185 0.39660
0.39784 0.00000 0.00000 0.00000 0.30252 0.29964

observation: 6
0.49558 0.70116 0.30299 0.10047 0.00000 0.09911
0.00150 0.00035 0.39835 0.09949 0.10326 0.09594
0.00000 0.29849 0.20044 0.19648 0.09800 0.30188
0.50292 0.00001 0.09818 0.00000 0.00251 0.40207
0.00000 0.00000 0.00004 0.60356 0.00197 0.10100
0.00000 0.00000 0.00000 0.00000 0.79427 0.00000
