initial: 6
0.00175 0.10153 0.09707 0.21059 0.00000 0.58906

transition: 6
0.20242 0.20038 0.59691 0.00000 0.00029 0.00000
0.00353 0.28765 0.51847 0.00000 0.00006 0.19029
0.49561 0.00526 0.19851 0.30062 0.00000 0.00000
0.20065 0.00000 0.00111 0.59877 0.00000 0.19947
0.00000 0.10147 0.00000 0.00000 0.50173 0.39680
0.39777 0.00000 0.00000 0.00000 0.30246 0.29977

observation: 6
0.49561 0.70146 0.30319 0.10045 0.00000 0.09914
0.00142 0.00015 0.39811 0.09951 0.10331 0.09591
0.00000 0.29839 0.20048 0.19647 0.09793 0.30191
0.50297 0.00000 0.09821 0.00000 0.00237 0.40206
0.00000 0.00000 0.00002 0.60357 0.00195 0.10098
0.00000 0.00000 0.00000 0.00000 0.79444 0.00000
