initial: 6
0.00174 0.10160 0.09701 0.21059 0.00000 0.58905

transition: 6
0.20246 0.20052 0.59673 0.00000 0.00029 0.00000
0.00403 0.28761 0.51811 0.00000 0.00006 0.19018
0.49564 0.00527 0.19839 0.30070 0.00000 0.00000
0.20066 0.00000 0.00108 0.59879 0.00000 0.19947
0.00000 0.10150 0.00000 0.00000 0.50177 0.39673
0.39779 0.00000 0.00000 0.00000 0.30248 0.29973

observation: 6
0.49560 0.70135 0.30312 0.10046 0.00000 0.09913
0.00145 0.00022 0.39820 0.09951 0.10329 0.09592
0.00000 0.29843 0.20046 0.19648 0.09795 0.30190
0.50295 0.00000 0.09820 0.00000 0.00242 0.40206
0.00000 0.00000 0.00003 0.60356 0.00195 0.10099
0.00000 0.00000 0.00000 0.00000 0.79438 0.00000
