initial: 6
0.71758 0.00240 0.09269 0.18734 0.00000 0.00000

transition: 6
0.29608 0.00707 0.50730 0.00006 0.00000 0.18949
0.19873 0.20076 0.60011 0.00000 0.00039 0.00001
0.00243 0.49546 0.20299 0.29913 0.00000 0.00000
0.00000 0.20116 0.00331 0.59608 0.00000 0.19944
0.10748 0.00000 0.00000 0.00000 0.49949 0.39304
0.00000 0.39365 0.00000 0.00000 0.30448 0.30186

observation: 6
0.69600 0.49832 0.30266 0.09981 0.00000 0.09729
0.00112 0.00001 0.39821 0.09837 0.10337 0.09685
0.30287 0.00002 0.20041 0.19624 0.09734 0.30240
0.00000 0.50166 0.09872 0.00000 0.00003 0.40417
0.00000 0.00000 0.00000 0.60558 0.00256 0.09929
0.00000 0.00000 0.00000 0.00000 0.79670 0.00000
