initial: 6
0.71758 0.00240 0.09268 0.18734 0.00000 0.00000

transition: 6
0.29608 0.00706 0.50728 0.00008 0.00000 0.18950
0.19873 0.20077 0.60010 0.00000 0.00038 0.00001
0.00241 0.49550 0.20294 0.29914 0.00000 0.00000
0.00000 0.20119 0.00323 0.59612 0.00000 0.19946
0.10747 0.00000 0.00000 0.00000 0.49954 0.39299
0.00001 0.39370 0.00000 0.00000 0.30448 0.30182

observation: 6
0.69601 0.49832 0.30266 0.09982 0.00000 0.09730
0.00111 0.00002 0.39821 0.09840 0.10335 0.09687
0.30287 0.00003 0.20041 0.19624 0.09736 0.30239
0.00000 0.50163 0.09872 0.00000 0.00008 0.40416
0.00000 0.00000 0.00000 0.60553 0.00257 0.09928
0.00000 0.00000 0.00000 0.00000 0.79663 0.00000
