initial: 6
0.71944 0.00046 0.09184 0.18827 0.00000 0.00000

transition: 6
0.30902 0.00023 0.49425 0.00000 0.00000 0.19651
0.00114 0.19958 0.79926 0.00002 0.00000 0.00000
0.00001 0.49868 0.20222 0.29909 0.00000 0.00000
0.00000 0.20167 0.00003 0.59799 0.00000 0.20031
0.10495 0.00000 0.00000 0.00000 0.49625 0.39880
0.00000 0.39352 0.00000 0.00000 0.30016 0.30632

observation: 6
0.99552 0.49887 0.29758 0.09849 0.00001 0.09892
0.00247 0.00000 0.39938 0.09979 0.10421 0.09750
0.00201 0.00152 0.20126 0.80172 0.09049 0.30860
0.00000 0.49952 0.10174 0.00000 0.00258 0.39607
0.00000 0.00009 0.00003 0.00000 0.00190 0.09892
0.00000 0.00000 0.00000 0.00000 0.80082 0.00000
