initial: 6
0.71942 0.00045 0.09186 0.18827 0.00000 0.00000

transition: 6
0.30903 0.00013 0.49433 0.00000 0.00000 0.19650
0.00115 0.19953 0.79931 0.00000 0.00000 0.00000
0.00000 0.49866 0.20224 0.29910 0.00000 0.00000
0.00000 0.20166 0.00008 0.59797 0.00000 0.20028
0.10494 0.00000 0.00000 0.00000 0.49610 0.39896
0.00000 0.39343 0.00000 0.00000 0.30012 0.30645

observation: 6
0.99554 0.49888 0.29758 0.09849 0.00000 0.09890
0.00247 0.00000 0.39937 0.09978 0.10422 0.09748
0.00200 0.00150 0.20126 0.80173 0.09045 0.30858
0.00000 0.49953 0.10176 0.00000 0.00241 0.39611
0.00000 0.00009 0.00003 0.00000 0.00186 0.09893
0.00000 0.00000 0.00000 0.00000 0.80106 0.00000
