initial: 6
0.00027 0.10261 0.09709 0.21033 0.00000 0.58969

transition: 6
0.20260 0.20133 0.59579 0.00000 0.00029 0.00000
0.00655 0.28744 0.51632 0.00001 0.00006 0.18962
0.49576 0.00533 0.19779 0.30111 0.00000 0.00000
0.20063 0.00001 0.00101 0.59883 0.00000 0.19952
0.00000 0.10166 0.00000 0.00000 0.50212 0.39622
0.39800 0.00000 0.00000 0.00000 0.30259 0.29942

observation: 6
0.49553 0.70079 0.30273 0.10048 0.00000 0.09913
0.00159 0.00064 0.39863 0.09943 0.10323 0.09593
0.00000 0.29849 0.20039 0.19648 0.09823 0.30172
0.50287 0.00008 0.09818 0.00000 0.00270 0.40219
0.00000 0.00000 0.00007 0.60361 0.00201 0.10102
0.00000 0.00000 0.00000 0.00000 0.79384 0.00000
