initial: 6
0.00175 0.10149 0.09711 0.21059 0.00000 0.58906

transition: 6
0.20238 0.20029 0.59703 0.00000 0.00029 0.00000
0.00321 0.28769 0.51870 0.00000 0.00006 0.19036
0.49559 0.00526 0.19858 0.30057 0.00000 0.00000
0.20064 0.00000 0.00113 0.59876 0.00000 0.19946
0.00000 0.10145 0.00000 0.00000 0.50171 0.39684
0.39776 0.00000 0.00000 0.00000 0.30245 0.29979

observation: 6
0.49562 0.70153 0.30324 0.10044 0.00000 0.09914
0.00141 0.00010 0.39805 0.09952 0.10333 0.09590
0.00000 0.29836 0.20048 0.19647 0.09792 0.30191
0.50298 0.00000 0.09821 0.00000 0.00235 0.40206
0.00000 0.00000 0.00001 0.60357 0.00194 0.10098
0.00000 0.00000 0.00000 0.00000 0.79446 0.00000
