initial: 6
0.71757 0.00240 0.09269 0.18734 0.00000 0.00000

transition: 6
0.29608 0.00707 0.50732 0.00004 0.00000 0.18949
0.19873 0.20076 0.60012 0.00000 0.00039 0.00001
0.00244 0.49544 0.20299 0.29912 0.00000 0.00000
0.00000 0.20116 0.00333 0.59607 0.00000 0.19944
0.10748 0.00000 0.00000 0.00000 0.49947 0.39305
0.00000 0.39364 0.00000 0.00000 0.30448 0.30188

observation: 6
0.69600 0.49832 0.30267 0.09981 0.00000 0.09729
0.00112 0.00000 0.39821 0.09836 0.10337 0.09685
0.30287 0.00001 0.20041 0.19624 0.09733 0.30240
0.00000 0.50167 0.09872 0.00000 0.00001 0.40417
0.00000 0.00000 0.00000 0.60558 0.00255 0.09929
0.00000 0.00000 0.00000 0.00000 0.79673 0.00000
